Ao Shin|12.17|800|1440|2592|175|0|35|35|48|86|156|60|108|194|0.8|25|4
Aphelios|12.17|500|9000|1620|175|60|20|20|52|94|168|65|117|211|0.8|25|4
Aurelion Sol|12.17|800|1440|2592|60|0|35|35|45|81|146|60|108|194|0.75|25|4
Bard|12.17|850|1530|2754|240|160|40|40|42|76|136|60|108|194|0.7|25|4
Braum|12.17|800|1440|2592|60|30|60|60|42|76|136|70|126|227|0.6|25|1
Daeja|12.17|800|1440|2592|100|0|30|30|0|0|0|0|0|0|0.6|25|4
Diana|12.17|700|1260|2268|100|50|35|35|38|68|122|50|90|162|0.75|25|1
Ezeral|12.17|500|900|1620|40|0|15|15|25|44|79|35|63|113|0.7|25|5
Gnar|12.17|750|1350|2430|70|0|40|40|33|59|105|50|90|162|0.65|25|2
Graves|12.17
Hecarim|12.17
Heimerdinger|12.17
Idas|12.17
Jax|12.17
Jayce|12.17
Kaisa|12.17
Karma|12.17
Lee Sin|12.17
Leona|12.17
Lillia|12.17
Lulu|12.17
Lux|12.17
Malphite|12.17
Nasus|12.17
Nidalee|12.17
Nilah|12.17
Nomsy|12.17
Nunu|12.17
Olaf|12.17
Pantheon|12.17
Qiyana|12.17
Rakan|12.17
Rell|12.17
Rengar|12.17
Sejuani|12.17
Senna|12.17
Seraphine|12.17
Sett|12.17
Shi Oh Yi|12.17
Shyvana|12.17
Skarnar|12.17
Sohm|12.17
Soraka|12.17
Swain|12.17
Syfen|12.17
Sylas|12.17
Tailyah|12.17
Terra|12.17
Tristana|12.17
Twitch|12.17
Varus|12.17
Vladimir|12.17
Volibear|12.17
Wukong|12.17
Xayah|12.17
Yasuo|12.17
Yone|12.17
Zac|12.17
Zeri|12.17
Zippy|12.17
Zoe|12.17
Zyra|12.17